{
 "cells": [
  {
   "cell_type": "markdown",
   "metadata": {
    "collapsed": true
   },
   "source": [
    "## Tarea 1 - Máquinas de Aprendizaje\n",
    "\n",
    "### Integrantes: Gabriel Jara, Daniel San Martín"
   ]
  },
  {
   "cell_type": "markdown",
   "metadata": {},
   "source": [
    "# 1 Regresión Lineal Ordinaria (LSS)"
   ]
  },
  {
   "cell_type": "markdown",
   "metadata": {},
   "source": [
    "En esta sección trabajaremos con un dataset conocido como *House Sales in King County, USA*, este se encuentra en Kaggle [1] y contiene los precios en el que se vendieron distintas casas en los Estados Unidos entre Mayo del 2014 y Mayo del 2015. Las casas tienen distintas caracterı́sticas que vienen descritas en el dataset, como la cantidad de habitaciones, cantidad de baños, número de pisos, ubicación geográfica, etc. La variable que nos interesará predecir a partir de los demás atributos será el precio de las casas."
   ]
  },
  {
   "cell_type": "markdown",
   "metadata": {},
   "source": [
    "(a) Construya un dataframe con los datos a analizar descargando los datos desde la URL adjunta."
   ]
  },
  {
   "cell_type": "code",
   "execution_count": 1,
   "metadata": {},
   "outputs": [],
   "source": [
    "import pandas as pd\n",
    "import numpy as np\n",
    "\n",
    "df = pd.read_csv(\"data/kc_house_data.csv\",sep = \",\",header = 0)\n",
    "df = df.drop(['id','date','zipcode'], axis=1)"
   ]
  },
  {
   "cell_type": "markdown",
   "metadata": {},
   "source": [
    "(b) Describa brevemente el dataset utilizar."
   ]
  },
  {
   "cell_type": "code",
   "execution_count": 2,
   "metadata": {},
   "outputs": [
    {
     "name": "stdout",
     "output_type": "stream",
     "text": [
      "<class 'pandas.core.frame.DataFrame'>\n",
      "RangeIndex: 21613 entries, 0 to 21612\n",
      "Data columns (total 18 columns):\n",
      "price            21613 non-null float64\n",
      "bedrooms         21613 non-null int64\n",
      "bathrooms        21613 non-null float64\n",
      "sqft_living      21613 non-null int64\n",
      "sqft_lot         21613 non-null int64\n",
      "floors           21613 non-null float64\n",
      "waterfront       21613 non-null int64\n",
      "view             21613 non-null int64\n",
      "condition        21613 non-null int64\n",
      "grade            21613 non-null int64\n",
      "sqft_above       21613 non-null int64\n",
      "sqft_basement    21613 non-null int64\n",
      "yr_built         21613 non-null int64\n",
      "yr_renovated     21613 non-null int64\n",
      "lat              21613 non-null float64\n",
      "long             21613 non-null float64\n",
      "sqft_living15    21613 non-null int64\n",
      "sqft_lot15       21613 non-null int64\n",
      "dtypes: float64(5), int64(13)\n",
      "memory usage: 3.0 MB\n"
     ]
    },
    {
     "data": {
      "text/html": [
       "<div>\n",
       "<table border=\"1\" class=\"dataframe\">\n",
       "  <thead>\n",
       "    <tr style=\"text-align: right;\">\n",
       "      <th></th>\n",
       "      <th>price</th>\n",
       "      <th>bedrooms</th>\n",
       "      <th>bathrooms</th>\n",
       "      <th>sqft_living</th>\n",
       "      <th>sqft_lot</th>\n",
       "      <th>floors</th>\n",
       "      <th>waterfront</th>\n",
       "      <th>view</th>\n",
       "      <th>condition</th>\n",
       "      <th>grade</th>\n",
       "      <th>sqft_above</th>\n",
       "      <th>sqft_basement</th>\n",
       "      <th>yr_built</th>\n",
       "      <th>yr_renovated</th>\n",
       "      <th>lat</th>\n",
       "      <th>long</th>\n",
       "      <th>sqft_living15</th>\n",
       "      <th>sqft_lot15</th>\n",
       "    </tr>\n",
       "  </thead>\n",
       "  <tbody>\n",
       "    <tr>\n",
       "      <th>count</th>\n",
       "      <td>2.161300e+04</td>\n",
       "      <td>21613.000000</td>\n",
       "      <td>21613.000000</td>\n",
       "      <td>21613.000000</td>\n",
       "      <td>2.161300e+04</td>\n",
       "      <td>21613.000000</td>\n",
       "      <td>21613.000000</td>\n",
       "      <td>21613.000000</td>\n",
       "      <td>21613.000000</td>\n",
       "      <td>21613.000000</td>\n",
       "      <td>21613.000000</td>\n",
       "      <td>21613.000000</td>\n",
       "      <td>21613.000000</td>\n",
       "      <td>21613.000000</td>\n",
       "      <td>21613.000000</td>\n",
       "      <td>21613.000000</td>\n",
       "      <td>21613.000000</td>\n",
       "      <td>21613.000000</td>\n",
       "    </tr>\n",
       "    <tr>\n",
       "      <th>mean</th>\n",
       "      <td>5.400881e+05</td>\n",
       "      <td>3.370842</td>\n",
       "      <td>2.114757</td>\n",
       "      <td>2079.899736</td>\n",
       "      <td>1.510697e+04</td>\n",
       "      <td>1.494309</td>\n",
       "      <td>0.007542</td>\n",
       "      <td>0.234303</td>\n",
       "      <td>3.409430</td>\n",
       "      <td>7.656873</td>\n",
       "      <td>1788.390691</td>\n",
       "      <td>291.509045</td>\n",
       "      <td>1971.005136</td>\n",
       "      <td>84.402258</td>\n",
       "      <td>47.560053</td>\n",
       "      <td>-122.213896</td>\n",
       "      <td>1986.552492</td>\n",
       "      <td>12768.455652</td>\n",
       "    </tr>\n",
       "    <tr>\n",
       "      <th>std</th>\n",
       "      <td>3.671272e+05</td>\n",
       "      <td>0.930062</td>\n",
       "      <td>0.770163</td>\n",
       "      <td>918.440897</td>\n",
       "      <td>4.142051e+04</td>\n",
       "      <td>0.539989</td>\n",
       "      <td>0.086517</td>\n",
       "      <td>0.766318</td>\n",
       "      <td>0.650743</td>\n",
       "      <td>1.175459</td>\n",
       "      <td>828.090978</td>\n",
       "      <td>442.575043</td>\n",
       "      <td>29.373411</td>\n",
       "      <td>401.679240</td>\n",
       "      <td>0.138564</td>\n",
       "      <td>0.140828</td>\n",
       "      <td>685.391304</td>\n",
       "      <td>27304.179631</td>\n",
       "    </tr>\n",
       "    <tr>\n",
       "      <th>min</th>\n",
       "      <td>7.500000e+04</td>\n",
       "      <td>0.000000</td>\n",
       "      <td>0.000000</td>\n",
       "      <td>290.000000</td>\n",
       "      <td>5.200000e+02</td>\n",
       "      <td>1.000000</td>\n",
       "      <td>0.000000</td>\n",
       "      <td>0.000000</td>\n",
       "      <td>1.000000</td>\n",
       "      <td>1.000000</td>\n",
       "      <td>290.000000</td>\n",
       "      <td>0.000000</td>\n",
       "      <td>1900.000000</td>\n",
       "      <td>0.000000</td>\n",
       "      <td>47.155900</td>\n",
       "      <td>-122.519000</td>\n",
       "      <td>399.000000</td>\n",
       "      <td>651.000000</td>\n",
       "    </tr>\n",
       "    <tr>\n",
       "      <th>25%</th>\n",
       "      <td>3.219500e+05</td>\n",
       "      <td>3.000000</td>\n",
       "      <td>1.750000</td>\n",
       "      <td>1427.000000</td>\n",
       "      <td>5.040000e+03</td>\n",
       "      <td>1.000000</td>\n",
       "      <td>0.000000</td>\n",
       "      <td>0.000000</td>\n",
       "      <td>3.000000</td>\n",
       "      <td>7.000000</td>\n",
       "      <td>1190.000000</td>\n",
       "      <td>0.000000</td>\n",
       "      <td>1951.000000</td>\n",
       "      <td>0.000000</td>\n",
       "      <td>47.471000</td>\n",
       "      <td>-122.328000</td>\n",
       "      <td>1490.000000</td>\n",
       "      <td>5100.000000</td>\n",
       "    </tr>\n",
       "    <tr>\n",
       "      <th>50%</th>\n",
       "      <td>4.500000e+05</td>\n",
       "      <td>3.000000</td>\n",
       "      <td>2.250000</td>\n",
       "      <td>1910.000000</td>\n",
       "      <td>7.618000e+03</td>\n",
       "      <td>1.500000</td>\n",
       "      <td>0.000000</td>\n",
       "      <td>0.000000</td>\n",
       "      <td>3.000000</td>\n",
       "      <td>7.000000</td>\n",
       "      <td>1560.000000</td>\n",
       "      <td>0.000000</td>\n",
       "      <td>1975.000000</td>\n",
       "      <td>0.000000</td>\n",
       "      <td>47.571800</td>\n",
       "      <td>-122.230000</td>\n",
       "      <td>1840.000000</td>\n",
       "      <td>7620.000000</td>\n",
       "    </tr>\n",
       "    <tr>\n",
       "      <th>75%</th>\n",
       "      <td>6.450000e+05</td>\n",
       "      <td>4.000000</td>\n",
       "      <td>2.500000</td>\n",
       "      <td>2550.000000</td>\n",
       "      <td>1.068800e+04</td>\n",
       "      <td>2.000000</td>\n",
       "      <td>0.000000</td>\n",
       "      <td>0.000000</td>\n",
       "      <td>4.000000</td>\n",
       "      <td>8.000000</td>\n",
       "      <td>2210.000000</td>\n",
       "      <td>560.000000</td>\n",
       "      <td>1997.000000</td>\n",
       "      <td>0.000000</td>\n",
       "      <td>47.678000</td>\n",
       "      <td>-122.125000</td>\n",
       "      <td>2360.000000</td>\n",
       "      <td>10083.000000</td>\n",
       "    </tr>\n",
       "    <tr>\n",
       "      <th>max</th>\n",
       "      <td>7.700000e+06</td>\n",
       "      <td>33.000000</td>\n",
       "      <td>8.000000</td>\n",
       "      <td>13540.000000</td>\n",
       "      <td>1.651359e+06</td>\n",
       "      <td>3.500000</td>\n",
       "      <td>1.000000</td>\n",
       "      <td>4.000000</td>\n",
       "      <td>5.000000</td>\n",
       "      <td>13.000000</td>\n",
       "      <td>9410.000000</td>\n",
       "      <td>4820.000000</td>\n",
       "      <td>2015.000000</td>\n",
       "      <td>2015.000000</td>\n",
       "      <td>47.777600</td>\n",
       "      <td>-121.315000</td>\n",
       "      <td>6210.000000</td>\n",
       "      <td>871200.000000</td>\n",
       "    </tr>\n",
       "  </tbody>\n",
       "</table>\n",
       "</div>"
      ],
      "text/plain": [
       "              price      bedrooms     bathrooms   sqft_living      sqft_lot  \\\n",
       "count  2.161300e+04  21613.000000  21613.000000  21613.000000  2.161300e+04   \n",
       "mean   5.400881e+05      3.370842      2.114757   2079.899736  1.510697e+04   \n",
       "std    3.671272e+05      0.930062      0.770163    918.440897  4.142051e+04   \n",
       "min    7.500000e+04      0.000000      0.000000    290.000000  5.200000e+02   \n",
       "25%    3.219500e+05      3.000000      1.750000   1427.000000  5.040000e+03   \n",
       "50%    4.500000e+05      3.000000      2.250000   1910.000000  7.618000e+03   \n",
       "75%    6.450000e+05      4.000000      2.500000   2550.000000  1.068800e+04   \n",
       "max    7.700000e+06     33.000000      8.000000  13540.000000  1.651359e+06   \n",
       "\n",
       "             floors    waterfront          view     condition         grade  \\\n",
       "count  21613.000000  21613.000000  21613.000000  21613.000000  21613.000000   \n",
       "mean       1.494309      0.007542      0.234303      3.409430      7.656873   \n",
       "std        0.539989      0.086517      0.766318      0.650743      1.175459   \n",
       "min        1.000000      0.000000      0.000000      1.000000      1.000000   \n",
       "25%        1.000000      0.000000      0.000000      3.000000      7.000000   \n",
       "50%        1.500000      0.000000      0.000000      3.000000      7.000000   \n",
       "75%        2.000000      0.000000      0.000000      4.000000      8.000000   \n",
       "max        3.500000      1.000000      4.000000      5.000000     13.000000   \n",
       "\n",
       "         sqft_above  sqft_basement      yr_built  yr_renovated           lat  \\\n",
       "count  21613.000000   21613.000000  21613.000000  21613.000000  21613.000000   \n",
       "mean    1788.390691     291.509045   1971.005136     84.402258     47.560053   \n",
       "std      828.090978     442.575043     29.373411    401.679240      0.138564   \n",
       "min      290.000000       0.000000   1900.000000      0.000000     47.155900   \n",
       "25%     1190.000000       0.000000   1951.000000      0.000000     47.471000   \n",
       "50%     1560.000000       0.000000   1975.000000      0.000000     47.571800   \n",
       "75%     2210.000000     560.000000   1997.000000      0.000000     47.678000   \n",
       "max     9410.000000    4820.000000   2015.000000   2015.000000     47.777600   \n",
       "\n",
       "               long  sqft_living15     sqft_lot15  \n",
       "count  21613.000000   21613.000000   21613.000000  \n",
       "mean    -122.213896    1986.552492   12768.455652  \n",
       "std        0.140828     685.391304   27304.179631  \n",
       "min     -122.519000     399.000000     651.000000  \n",
       "25%     -122.328000    1490.000000    5100.000000  \n",
       "50%     -122.230000    1840.000000    7620.000000  \n",
       "75%     -122.125000    2360.000000   10083.000000  \n",
       "max     -121.315000    6210.000000  871200.000000  "
      ]
     },
     "execution_count": 2,
     "metadata": {},
     "output_type": "execute_result"
    }
   ],
   "source": [
    "df.shape\n",
    "df.info()\n",
    "df.describe()"
   ]
  },
  {
   "cell_type": "markdown",
   "metadata": {},
   "source": [
    "Los datos a utilizar consisten en 21,613 observaciones de 18 variables en total. La primera de estas, \"price\", corresponde a la variable dependiente, precio de las propiedades que se pretende pronosticar a partir de las variables independientes."
   ]
  },
  {
   "cell_type": "markdown",
   "metadata": {},
   "source": [
    "(c) Normalice los datos antes de trabajar. Explique la importancia/conveniencia de realizar esta operación."
   ]
  },
  {
   "cell_type": "code",
   "execution_count": 3,
   "metadata": {
    "collapsed": true
   },
   "outputs": [],
   "source": [
    "X = df\n",
    "y = np.log(df['price'])\n",
    "mask = np.zeros(len(X))\n",
    "limit = int(len(X)*0.7)\n",
    "mask[:limit] = 1\n",
    "istrain = (mask== 1)\n",
    "Xtrain = X[istrain]\n",
    "ytrain = y[istrain]\n",
    "Xtest = X[np.logical_not(istrain)]\n",
    "ytest = y[np.logical_not(istrain)]\n",
    "Xtrain = Xtrain.drop(['price'], axis=1)\n",
    "Xtest = Xtest.drop(['price'], axis=1)\n",
    "\n",
    "from sklearn.preprocessing import StandardScaler\n",
    "\n",
    "scaler = StandardScaler().fit(Xtrain)\n",
    "df_scaled_train = pd.DataFrame(scaler.transform(Xtrain), columns=Xtrain.columns)\n",
    "df_scaled_train.insert(df_scaled_train.shape[1], 'intercept', np.ones(df_scaled_train.shape[0]))"
   ]
  },
  {
   "cell_type": "markdown",
   "metadata": {},
   "source": [
    "Dado que los datos en las columnas se encuentran en distintas escalas, al momento de aplicar los algoritmos de aprendizaje existirán columnas que ponderarán mucho más y otros muchos menos dada esta diferencia de magnitud. Esta circunstancia perjudica el aprendizaje, puesto que el ajuste de coeficientes se da en magnitudes muy diferentes para cada variable independiente. Es por esta razón que se recomienda a lo menos normalizar la data (ajustar su intervalo), y para algunos modelos de aprendizaje idealmente estandarizar (ajustar la media y la varianza), que es lo que se está haciendo en este caso. \n",
    "\n",
    "Es importante mencionar, que el ajuste de la estandarización se realiza sobre los datos del entrenamiento y posteriormente se utilizarán los datos de media y varianza de este conjunto para estandarizar los datos de pruebas."
   ]
  },
  {
   "cell_type": "markdown",
   "metadata": {},
   "source": [
    "(d) Realice una regresión lineal de mı́nimos cuadrados básica. Explique los argumentos que se deben entregar a la función que implementa la regresión lineal"
   ]
  },
  {
   "cell_type": "code",
   "execution_count": 4,
   "metadata": {},
   "outputs": [
    {
     "data": {
      "text/plain": [
       "LinearRegression(copy_X=True, fit_intercept=False, n_jobs=1, normalize=False)"
      ]
     },
     "execution_count": 4,
     "metadata": {},
     "output_type": "execute_result"
    }
   ],
   "source": [
    "import sklearn.linear_model as lm\n",
    "\n",
    "# Regresion lineal\n",
    "linreg = lm.LinearRegression(fit_intercept = False)\n",
    "linreg.fit(df_scaled_train, ytrain)"
   ]
  },
  {
   "cell_type": "markdown",
   "metadata": {},
   "source": [
    "Dado que se utilizaran datos estandarizados, y puesto que el modelo de regresión lineal provisto por ``sklearn`` realiza automáticamente normalización cuando está activo el parámetro ``fit_intercept``, para evitar normalizar datos que han sido previamente estandarizados se ha optado por una vía alternativa de tomar en cuenta el intercepto. De esta forma, al disponer de una columna constante e igual a uno (insertar el vector columna $\\vec{1}$ a $\\textbf{X}$), esta nueva variable independiente cumplirá la función del intercepto, correspondiente a los $\\beta_0$ en la regresión. Por lo anterior, se ingresa el parámetro ``fit_intercept = False``. "
   ]
  },
  {
   "cell_type": "markdown",
   "metadata": {},
   "source": [
    "(e) Construya una tabla con los pesos y Z-score correspondientes a cada predictor (variable). ¿Observa algún problema? Si es así, comente y proponga un metodo para eliminar dicho problema."
   ]
  },
  {
   "cell_type": "code",
   "execution_count": 5,
   "metadata": {
    "collapsed": true
   },
   "outputs": [],
   "source": [
    "# Estimador de sigma\n",
    "def sigmaHat(X, y, yhat):\n",
    "    M, I = X.shape\n",
    "    return np.sqrt(1./(M - I - 1) * np.sum((y - yhat)**2))"
   ]
  },
  {
   "cell_type": "code",
   "execution_count": 6,
   "metadata": {
    "collapsed": true
   },
   "outputs": [],
   "source": [
    "# Calculo de los Z-score\n",
    "def Zscore(X, y, yhat, beta):\n",
    "    V = np.linalg.inv(np.dot(X.T, X))\n",
    "    v = np.diag(V)\n",
    "    sigh = sigmaHat(X, y, yhat)\n",
    "    z = beta/(sigh * np.sqrt(v))\n",
    "    return z"
   ]
  },
  {
   "cell_type": "code",
   "execution_count": 7,
   "metadata": {},
   "outputs": [],
   "source": [
    "# Prediccion de los datos de entrenamiento \n",
    "yhat_val = linreg.predict(df_scaled_train)"
   ]
  },
  {
   "cell_type": "code",
   "execution_count": 8,
   "metadata": {
    "scrolled": true
   },
   "outputs": [],
   "source": [
    "# Valores del Z-score\n",
    "zs = Zscore(df_scaled_train, ytrain, yhat_val, linreg.coef_)\n"
   ]
  },
  {
   "cell_type": "code",
   "execution_count": 9,
   "metadata": {
    "collapsed": true
   },
   "outputs": [],
   "source": [
    "# Se realiza un contraste de hipotesis para ver si algun \\beta_i = 0\n",
    "from scipy import stats\n",
    "\n",
    "M, I = df_scaled_train.shape\n",
    "\n",
    "# Valor critico de z_i ~ t_{M-I-1}\n",
    "vcrit = stats.t.ppf(1-0.025, M - I - 1)\n",
    "\n",
    "def test(z,vcr):\n",
    "    if abs(z) < vcrit:\n",
    "        return \"No Significativo\"\n",
    "    else:\n",
    "        return \"Significativo\"\n",
    "    \n",
    "cotest = []\n",
    "for z in zs:\n",
    "    cotest.append(test(z, vcrit))"
   ]
  },
  {
   "cell_type": "code",
   "execution_count": 10,
   "metadata": {
    "scrolled": true
   },
   "outputs": [
    {
     "data": {
      "text/html": [
       "<div>\n",
       "<table border=\"1\" class=\"dataframe\">\n",
       "  <thead>\n",
       "    <tr style=\"text-align: right;\">\n",
       "      <th></th>\n",
       "      <th>bedrooms</th>\n",
       "      <th>bathrooms</th>\n",
       "      <th>sqft_living</th>\n",
       "      <th>sqft_lot</th>\n",
       "      <th>floors</th>\n",
       "      <th>waterfront</th>\n",
       "      <th>view</th>\n",
       "      <th>condition</th>\n",
       "      <th>grade</th>\n",
       "      <th>sqft_above</th>\n",
       "      <th>sqft_basement</th>\n",
       "      <th>yr_built</th>\n",
       "      <th>yr_renovated</th>\n",
       "      <th>lat</th>\n",
       "      <th>long</th>\n",
       "      <th>sqft_living15</th>\n",
       "      <th>sqft_lot15</th>\n",
       "      <th>b0</th>\n",
       "    </tr>\n",
       "  </thead>\n",
       "  <tbody>\n",
       "    <tr>\n",
       "      <th>coef</th>\n",
       "      <td>-0.00808553</td>\n",
       "      <td>0.0551112</td>\n",
       "      <td>0.0569348</td>\n",
       "      <td>0.0228725</td>\n",
       "      <td>0.0355051</td>\n",
       "      <td>0.0333657</td>\n",
       "      <td>0.042595</td>\n",
       "      <td>0.0463595</td>\n",
       "      <td>0.184577</td>\n",
       "      <td>0.0459367</td>\n",
       "      <td>0.0322648</td>\n",
       "      <td>-0.104759</td>\n",
       "      <td>0.0152659</td>\n",
       "      <td>0.18788</td>\n",
       "      <td>-0.00403123</td>\n",
       "      <td>0.0844123</td>\n",
       "      <td>-0.0071488</td>\n",
       "      <td>13.0335</td>\n",
       "    </tr>\n",
       "    <tr>\n",
       "      <th>Z-score</th>\n",
       "      <td>-3.03408</td>\n",
       "      <td>14.656</td>\n",
       "      <td>7.53058e-07</td>\n",
       "      <td>7.59749</td>\n",
       "      <td>12.2699</td>\n",
       "      <td>14.7857</td>\n",
       "      <td>17.3907</td>\n",
       "      <td>20.5368</td>\n",
       "      <td>48.0682</td>\n",
       "      <td>6.82425e-07</td>\n",
       "      <td>8.58665e-07</td>\n",
       "      <td>-33.7906</td>\n",
       "      <td>6.88979</td>\n",
       "      <td>85.7951</td>\n",
       "      <td>-1.58988</td>\n",
       "      <td>23.5687</td>\n",
       "      <td>-2.34678</td>\n",
       "      <td>6307.52</td>\n",
       "    </tr>\n",
       "    <tr>\n",
       "      <th>test</th>\n",
       "      <td>Significativo</td>\n",
       "      <td>Significativo</td>\n",
       "      <td>No Significativo</td>\n",
       "      <td>Significativo</td>\n",
       "      <td>Significativo</td>\n",
       "      <td>Significativo</td>\n",
       "      <td>Significativo</td>\n",
       "      <td>Significativo</td>\n",
       "      <td>Significativo</td>\n",
       "      <td>No Significativo</td>\n",
       "      <td>No Significativo</td>\n",
       "      <td>Significativo</td>\n",
       "      <td>Significativo</td>\n",
       "      <td>Significativo</td>\n",
       "      <td>No Significativo</td>\n",
       "      <td>Significativo</td>\n",
       "      <td>Significativo</td>\n",
       "      <td>Significativo</td>\n",
       "    </tr>\n",
       "  </tbody>\n",
       "</table>\n",
       "</div>"
      ],
      "text/plain": [
       "              bedrooms      bathrooms       sqft_living       sqft_lot  \\\n",
       "coef       -0.00808553      0.0551112         0.0569348      0.0228725   \n",
       "Z-score       -3.03408         14.656       7.53058e-07        7.59749   \n",
       "test     Significativo  Significativo  No Significativo  Significativo   \n",
       "\n",
       "                floors     waterfront           view      condition  \\\n",
       "coef         0.0355051      0.0333657       0.042595      0.0463595   \n",
       "Z-score        12.2699        14.7857        17.3907        20.5368   \n",
       "test     Significativo  Significativo  Significativo  Significativo   \n",
       "\n",
       "                 grade        sqft_above     sqft_basement       yr_built  \\\n",
       "coef          0.184577         0.0459367         0.0322648      -0.104759   \n",
       "Z-score        48.0682       6.82425e-07       8.58665e-07       -33.7906   \n",
       "test     Significativo  No Significativo  No Significativo  Significativo   \n",
       "\n",
       "          yr_renovated            lat              long  sqft_living15  \\\n",
       "coef         0.0152659        0.18788       -0.00403123      0.0844123   \n",
       "Z-score        6.88979        85.7951          -1.58988        23.5687   \n",
       "test     Significativo  Significativo  No Significativo  Significativo   \n",
       "\n",
       "            sqft_lot15             b0  \n",
       "coef        -0.0071488        13.0335  \n",
       "Z-score       -2.34678        6307.52  \n",
       "test     Significativo  Significativo  "
      ]
     },
     "execution_count": 10,
     "metadata": {},
     "output_type": "execute_result"
    }
   ],
   "source": [
    "cols = [str(i) for i in Xtrain.columns] + ['b0']\n",
    "df_sp = pd.DataFrame([linreg.coef_, zs, cotest], index=['coef', 'Z-score', 'test'], columns=cols)\n",
    "\n",
    "df_sp"
   ]
  },
  {
   "cell_type": "markdown",
   "metadata": {},
   "source": [
    "Al analizar los valores de $Z$-score y realizar los contrastes de hipótesis correspondientes, notamos que hay algunos valores de coeficientes que no son significativos. Esto significa que no se puede rechazar la hipótesis nula según la cual el coeficiente correspondiente sería igual a cero, lo cual se puede dar cuando efectivamente el coeficiente es muy cercano a cero o cuando no siendo el valor β reportado cercano a cero, ocurre que tiene una alta varianza que hace que su valor no pueda ser atribuido a algo distinto que el azar. \n",
    "\n",
    "En el caso de los coeficientes analizados se observa que hay cuatro de ellos que resultan no significativos, los cuales podrían no estar aportando información relevante al modelo de regresión. En primera instancia se podría adoptar la decisión de prescindir de estos predictores, sin embargo esto podría ser un error en caso de que se esté en presencia de colinealidad. "
   ]
  },
  {
   "cell_type": "markdown",
   "metadata": {},
   "source": [
    "La eventual colinealidad entre atributos supuestamente independientes, afecta negativamente la convergencia del modelo regresivo, generando un comportamiento errático en los coeficientes que hace que hae inválidas las conclusiones respecto a qué atributos están aportando significativamente al modelo. Por lo anterior, antes de tomar la decisión de eliminar atributos, es recomendable analizar la presencia de correlación entre las variables independientes. Se presenta a continuación una matriz de correlaciones. \n"
   ]
  },
  {
   "cell_type": "code",
   "execution_count": 11,
   "metadata": {},
   "outputs": [
    {
     "data": {
      "text/html": [
       "<div>\n",
       "<table border=\"1\" class=\"dataframe\">\n",
       "  <thead>\n",
       "    <tr style=\"text-align: right;\">\n",
       "      <th></th>\n",
       "      <th>bedrooms</th>\n",
       "      <th>bathrooms</th>\n",
       "      <th>sqft_living</th>\n",
       "      <th>sqft_lot</th>\n",
       "      <th>floors</th>\n",
       "      <th>waterfront</th>\n",
       "      <th>view</th>\n",
       "      <th>condition</th>\n",
       "      <th>grade</th>\n",
       "      <th>sqft_above</th>\n",
       "      <th>sqft_basement</th>\n",
       "      <th>yr_built</th>\n",
       "      <th>yr_renovated</th>\n",
       "      <th>lat</th>\n",
       "      <th>long</th>\n",
       "      <th>sqft_living15</th>\n",
       "      <th>sqft_lot15</th>\n",
       "    </tr>\n",
       "  </thead>\n",
       "  <tbody>\n",
       "    <tr>\n",
       "      <th>bedrooms</th>\n",
       "      <td>1.000000</td>\n",
       "      <td>0.535904</td>\n",
       "      <td>0.578053</td>\n",
       "      <td>0.035067</td>\n",
       "      <td>0.210865</td>\n",
       "      <td>-0.003142</td>\n",
       "      <td>0.088809</td>\n",
       "      <td>0.028019</td>\n",
       "      <td>0.365333</td>\n",
       "      <td>0.467729</td>\n",
       "      <td>0.325182</td>\n",
       "      <td>0.170294</td>\n",
       "      <td>0.023393</td>\n",
       "      <td>-0.000963</td>\n",
       "      <td>0.116781</td>\n",
       "      <td>0.383421</td>\n",
       "      <td>0.030806</td>\n",
       "    </tr>\n",
       "    <tr>\n",
       "      <th>bathrooms</th>\n",
       "      <td>0.535904</td>\n",
       "      <td>1.000000</td>\n",
       "      <td>0.760464</td>\n",
       "      <td>0.098471</td>\n",
       "      <td>0.503189</td>\n",
       "      <td>0.082557</td>\n",
       "      <td>0.205159</td>\n",
       "      <td>-0.094606</td>\n",
       "      <td>0.657519</td>\n",
       "      <td>0.683966</td>\n",
       "      <td>0.304834</td>\n",
       "      <td>0.485022</td>\n",
       "      <td>0.068625</td>\n",
       "      <td>0.025228</td>\n",
       "      <td>0.225004</td>\n",
       "      <td>0.580070</td>\n",
       "      <td>0.099745</td>\n",
       "    </tr>\n",
       "    <tr>\n",
       "      <th>sqft_living</th>\n",
       "      <td>0.578053</td>\n",
       "      <td>0.760464</td>\n",
       "      <td>1.000000</td>\n",
       "      <td>0.178493</td>\n",
       "      <td>0.397948</td>\n",
       "      <td>0.116534</td>\n",
       "      <td>0.295564</td>\n",
       "      <td>-0.048055</td>\n",
       "      <td>0.766096</td>\n",
       "      <td>0.868037</td>\n",
       "      <td>0.457049</td>\n",
       "      <td>0.324213</td>\n",
       "      <td>0.067808</td>\n",
       "      <td>0.061234</td>\n",
       "      <td>0.220904</td>\n",
       "      <td>0.754939</td>\n",
       "      <td>0.188982</td>\n",
       "    </tr>\n",
       "    <tr>\n",
       "      <th>sqft_lot</th>\n",
       "      <td>0.035067</td>\n",
       "      <td>0.098471</td>\n",
       "      <td>0.178493</td>\n",
       "      <td>1.000000</td>\n",
       "      <td>0.025827</td>\n",
       "      <td>0.023224</td>\n",
       "      <td>0.072225</td>\n",
       "      <td>-0.019573</td>\n",
       "      <td>0.129979</td>\n",
       "      <td>0.196501</td>\n",
       "      <td>0.007123</td>\n",
       "      <td>0.090992</td>\n",
       "      <td>0.006080</td>\n",
       "      <td>-0.090548</td>\n",
       "      <td>0.224289</td>\n",
       "      <td>0.161865</td>\n",
       "      <td>0.722972</td>\n",
       "    </tr>\n",
       "    <tr>\n",
       "      <th>floors</th>\n",
       "      <td>0.210865</td>\n",
       "      <td>0.503189</td>\n",
       "      <td>0.397948</td>\n",
       "      <td>0.025827</td>\n",
       "      <td>1.000000</td>\n",
       "      <td>0.040110</td>\n",
       "      <td>0.060022</td>\n",
       "      <td>-0.220846</td>\n",
       "      <td>0.462251</td>\n",
       "      <td>0.577558</td>\n",
       "      <td>-0.233952</td>\n",
       "      <td>0.417424</td>\n",
       "      <td>0.036750</td>\n",
       "      <td>0.038094</td>\n",
       "      <td>0.162631</td>\n",
       "      <td>0.327623</td>\n",
       "      <td>0.022432</td>\n",
       "    </tr>\n",
       "    <tr>\n",
       "      <th>waterfront</th>\n",
       "      <td>-0.003142</td>\n",
       "      <td>0.082557</td>\n",
       "      <td>0.116534</td>\n",
       "      <td>0.023224</td>\n",
       "      <td>0.040110</td>\n",
       "      <td>1.000000</td>\n",
       "      <td>0.391764</td>\n",
       "      <td>0.017628</td>\n",
       "      <td>0.093717</td>\n",
       "      <td>0.086005</td>\n",
       "      <td>0.080403</td>\n",
       "      <td>-0.015090</td>\n",
       "      <td>0.088126</td>\n",
       "      <td>-0.015941</td>\n",
       "      <td>-0.040204</td>\n",
       "      <td>0.093989</td>\n",
       "      <td>0.033634</td>\n",
       "    </tr>\n",
       "    <tr>\n",
       "      <th>view</th>\n",
       "      <td>0.088809</td>\n",
       "      <td>0.205159</td>\n",
       "      <td>0.295564</td>\n",
       "      <td>0.072225</td>\n",
       "      <td>0.060022</td>\n",
       "      <td>0.391764</td>\n",
       "      <td>1.000000</td>\n",
       "      <td>0.040835</td>\n",
       "      <td>0.262132</td>\n",
       "      <td>0.180711</td>\n",
       "      <td>0.270965</td>\n",
       "      <td>-0.034804</td>\n",
       "      <td>0.102012</td>\n",
       "      <td>-0.000829</td>\n",
       "      <td>-0.082706</td>\n",
       "      <td>0.289162</td>\n",
       "      <td>0.065560</td>\n",
       "    </tr>\n",
       "    <tr>\n",
       "      <th>condition</th>\n",
       "      <td>0.028019</td>\n",
       "      <td>-0.094606</td>\n",
       "      <td>-0.048055</td>\n",
       "      <td>-0.019573</td>\n",
       "      <td>-0.220846</td>\n",
       "      <td>0.017628</td>\n",
       "      <td>0.040835</td>\n",
       "      <td>1.000000</td>\n",
       "      <td>-0.126500</td>\n",
       "      <td>-0.147964</td>\n",
       "      <td>0.168377</td>\n",
       "      <td>-0.316423</td>\n",
       "      <td>-0.075268</td>\n",
       "      <td>-0.020326</td>\n",
       "      <td>-0.110188</td>\n",
       "      <td>-0.087904</td>\n",
       "      <td>-0.018792</td>\n",
       "    </tr>\n",
       "    <tr>\n",
       "      <th>grade</th>\n",
       "      <td>0.365333</td>\n",
       "      <td>0.657519</td>\n",
       "      <td>0.766096</td>\n",
       "      <td>0.129979</td>\n",
       "      <td>0.462251</td>\n",
       "      <td>0.093717</td>\n",
       "      <td>0.262132</td>\n",
       "      <td>-0.126500</td>\n",
       "      <td>1.000000</td>\n",
       "      <td>0.762282</td>\n",
       "      <td>0.175869</td>\n",
       "      <td>0.434888</td>\n",
       "      <td>0.026252</td>\n",
       "      <td>0.112334</td>\n",
       "      <td>0.209230</td>\n",
       "      <td>0.736976</td>\n",
       "      <td>0.136042</td>\n",
       "    </tr>\n",
       "    <tr>\n",
       "      <th>sqft_above</th>\n",
       "      <td>0.467729</td>\n",
       "      <td>0.683966</td>\n",
       "      <td>0.868037</td>\n",
       "      <td>0.196501</td>\n",
       "      <td>0.577558</td>\n",
       "      <td>0.086005</td>\n",
       "      <td>0.180711</td>\n",
       "      <td>-0.147964</td>\n",
       "      <td>0.762282</td>\n",
       "      <td>1.000000</td>\n",
       "      <td>-0.044872</td>\n",
       "      <td>0.427164</td>\n",
       "      <td>0.037031</td>\n",
       "      <td>0.009976</td>\n",
       "      <td>0.330376</td>\n",
       "      <td>0.730918</td>\n",
       "      <td>0.207778</td>\n",
       "    </tr>\n",
       "    <tr>\n",
       "      <th>sqft_basement</th>\n",
       "      <td>0.325182</td>\n",
       "      <td>0.304834</td>\n",
       "      <td>0.457049</td>\n",
       "      <td>0.007123</td>\n",
       "      <td>-0.233952</td>\n",
       "      <td>0.080403</td>\n",
       "      <td>0.270965</td>\n",
       "      <td>0.168377</td>\n",
       "      <td>0.175869</td>\n",
       "      <td>-0.044872</td>\n",
       "      <td>1.000000</td>\n",
       "      <td>-0.112892</td>\n",
       "      <td>0.070096</td>\n",
       "      <td>0.105335</td>\n",
       "      <td>-0.147368</td>\n",
       "      <td>0.209607</td>\n",
       "      <td>0.008027</td>\n",
       "    </tr>\n",
       "    <tr>\n",
       "      <th>yr_built</th>\n",
       "      <td>0.170294</td>\n",
       "      <td>0.485022</td>\n",
       "      <td>0.324213</td>\n",
       "      <td>0.090992</td>\n",
       "      <td>0.417424</td>\n",
       "      <td>-0.015090</td>\n",
       "      <td>-0.034804</td>\n",
       "      <td>-0.316423</td>\n",
       "      <td>0.434888</td>\n",
       "      <td>0.427164</td>\n",
       "      <td>-0.112892</td>\n",
       "      <td>1.000000</td>\n",
       "      <td>-0.217956</td>\n",
       "      <td>-0.166473</td>\n",
       "      <td>0.463052</td>\n",
       "      <td>0.349459</td>\n",
       "      <td>0.114194</td>\n",
       "    </tr>\n",
       "    <tr>\n",
       "      <th>yr_renovated</th>\n",
       "      <td>0.023393</td>\n",
       "      <td>0.068625</td>\n",
       "      <td>0.067808</td>\n",
       "      <td>0.006080</td>\n",
       "      <td>0.036750</td>\n",
       "      <td>0.088126</td>\n",
       "      <td>0.102012</td>\n",
       "      <td>-0.075268</td>\n",
       "      <td>0.026252</td>\n",
       "      <td>0.037031</td>\n",
       "      <td>0.070096</td>\n",
       "      <td>-0.217956</td>\n",
       "      <td>1.000000</td>\n",
       "      <td>0.031769</td>\n",
       "      <td>-0.073246</td>\n",
       "      <td>0.003175</td>\n",
       "      <td>0.006992</td>\n",
       "    </tr>\n",
       "    <tr>\n",
       "      <th>lat</th>\n",
       "      <td>-0.000963</td>\n",
       "      <td>0.025228</td>\n",
       "      <td>0.061234</td>\n",
       "      <td>-0.090548</td>\n",
       "      <td>0.038094</td>\n",
       "      <td>-0.015941</td>\n",
       "      <td>-0.000829</td>\n",
       "      <td>-0.020326</td>\n",
       "      <td>0.112334</td>\n",
       "      <td>0.009976</td>\n",
       "      <td>0.105335</td>\n",
       "      <td>-0.166473</td>\n",
       "      <td>0.031769</td>\n",
       "      <td>1.000000</td>\n",
       "      <td>-0.125403</td>\n",
       "      <td>0.064907</td>\n",
       "      <td>-0.090897</td>\n",
       "    </tr>\n",
       "    <tr>\n",
       "      <th>long</th>\n",
       "      <td>0.116781</td>\n",
       "      <td>0.225004</td>\n",
       "      <td>0.220904</td>\n",
       "      <td>0.224289</td>\n",
       "      <td>0.162631</td>\n",
       "      <td>-0.040204</td>\n",
       "      <td>-0.082706</td>\n",
       "      <td>-0.110188</td>\n",
       "      <td>0.209230</td>\n",
       "      <td>0.330376</td>\n",
       "      <td>-0.147368</td>\n",
       "      <td>0.463052</td>\n",
       "      <td>-0.073246</td>\n",
       "      <td>-0.125403</td>\n",
       "      <td>1.000000</td>\n",
       "      <td>0.311608</td>\n",
       "      <td>0.260524</td>\n",
       "    </tr>\n",
       "    <tr>\n",
       "      <th>sqft_living15</th>\n",
       "      <td>0.383421</td>\n",
       "      <td>0.580070</td>\n",
       "      <td>0.754939</td>\n",
       "      <td>0.161865</td>\n",
       "      <td>0.327623</td>\n",
       "      <td>0.093989</td>\n",
       "      <td>0.289162</td>\n",
       "      <td>-0.087904</td>\n",
       "      <td>0.736976</td>\n",
       "      <td>0.730918</td>\n",
       "      <td>0.209607</td>\n",
       "      <td>0.349459</td>\n",
       "      <td>0.003175</td>\n",
       "      <td>0.064907</td>\n",
       "      <td>0.311608</td>\n",
       "      <td>1.000000</td>\n",
       "      <td>0.196651</td>\n",
       "    </tr>\n",
       "    <tr>\n",
       "      <th>sqft_lot15</th>\n",
       "      <td>0.030806</td>\n",
       "      <td>0.099745</td>\n",
       "      <td>0.188982</td>\n",
       "      <td>0.722972</td>\n",
       "      <td>0.022432</td>\n",
       "      <td>0.033634</td>\n",
       "      <td>0.065560</td>\n",
       "      <td>-0.018792</td>\n",
       "      <td>0.136042</td>\n",
       "      <td>0.207778</td>\n",
       "      <td>0.008027</td>\n",
       "      <td>0.114194</td>\n",
       "      <td>0.006992</td>\n",
       "      <td>-0.090897</td>\n",
       "      <td>0.260524</td>\n",
       "      <td>0.196651</td>\n",
       "      <td>1.000000</td>\n",
       "    </tr>\n",
       "  </tbody>\n",
       "</table>\n",
       "</div>"
      ],
      "text/plain": [
       "               bedrooms  bathrooms  sqft_living  sqft_lot    floors  \\\n",
       "bedrooms       1.000000   0.535904     0.578053  0.035067  0.210865   \n",
       "bathrooms      0.535904   1.000000     0.760464  0.098471  0.503189   \n",
       "sqft_living    0.578053   0.760464     1.000000  0.178493  0.397948   \n",
       "sqft_lot       0.035067   0.098471     0.178493  1.000000  0.025827   \n",
       "floors         0.210865   0.503189     0.397948  0.025827  1.000000   \n",
       "waterfront    -0.003142   0.082557     0.116534  0.023224  0.040110   \n",
       "view           0.088809   0.205159     0.295564  0.072225  0.060022   \n",
       "condition      0.028019  -0.094606    -0.048055 -0.019573 -0.220846   \n",
       "grade          0.365333   0.657519     0.766096  0.129979  0.462251   \n",
       "sqft_above     0.467729   0.683966     0.868037  0.196501  0.577558   \n",
